ESTAÇÃO_CENTRAL= [-25.40798486,-54.58897424]

IATE_CLUBE= [-25.555556,-54.591389]

PEDRO_ORTELLADO= [-25.413056,-54.615278]

PONTE_DA_AMIZADE= [-25.511944,54.603333]

R_11_MONDAY= [-25.613889,-54.599722]

R_4= [-25.441667,-54.602778]

PAULISTANIA= [-25.266667,-54.433333]

ENSECADEIRA_MD_MONTANTE= [-25.413056,-54.615278]

ENSECADEIRA_MD_JUSANTE= [-25.413056,-54.615278]

NOVO_POSTO_SILVA = [-25.575,-54.675]
